,20.187
20220905 101820,20.312
20220905 101820,20.375
20220905 101820,20.312
20220905 101820,20.375
20220905 101820,20.375
20220905 101820,20.375
20220905 101820,20.375
20220905 101820,20.375
20220905 101820,20.375
20220905 101820,27.062
20220905 101820,29.062
20220905 101820,28.187
20220905 101820,27.375
20220905 101820,26.687
20220905 101820,26.000
20220905 101820,25.500
20220905 101820,25.000
20220905 101820,24.562
20220905 101820,24.187
20220905 101820,24.437
20220905 101820,24.875
20220905 101820,25.250
20220905 101820,25.625
20220905 101820,26.562
20220905 101820,27.437
20220905 101820,28.187
20220905 101820,29.000
20220905 101820,29.812
20220905 101820,30.500
20220905 101820,31.062
20220905 101820,31.812
20220905 101820,32.687
20220905 101820,33.687
20220905 101820,34.812
20220905 101820,35.937
20220905 101820,37.125
20220905 101820,38.125
20220905 101820,39.062
20220905 101820,39.812
20220905 101820,40.500
20220905 101820,41.312
20220905 101820,42.000
20220905 101820,42.562
20220905 101820,43.125
20220905 101820,43.625
20220905 101820,44.000
20220905 101820,44.312
20220905 101820,44.312
20220905 101820,44.312
20220905 101820,44.375
20220905 101820,44.375
20220905 102927,38.687
20220905 102927,38.250
20220905 103331,29.687
20220905 103331,29.625
